MEMORY
  total           14913 KB
  struct            159 KB
  buffer            418 KB
  arena           14336 KB, used 0.3%

SIZES
  narena                14680064
  nbuffer               428192
  nplugin               0
  maxuse_stack          9064
  maxuse_arena          40600
  maxuse_con            6
  maxuse_efc            40
  ncon                  4
  ne                    0
  nf                    12
  nl                    6
  nefc                  30
  nJ                    540
  nA                    0
  nisland               1
  nidof                 18
  ntree_awake           1
  nbody_awake           18
  nparent_awake         17
  nv_awake              18
  flg_energypos         0
  flg_energyvel         0
  flg_subtreevel        0
  flg_rnepost           1
  threadpool            0

TIMER
    0:  duration =  2          number = 2
    1:  duration =  2          number = 2
    2:  duration =  0          number = 0
    3:  duration =  1.5        number = 2
    4:  duration =  0.12       number = 2
    5:  duration =  0.012      number = 2
    6:  duration =  0.29       number = 2
    7:  duration =  0.036      number = 2
    8:  duration =  0.086      number = 2
    9:  duration =  0.029      number = 2
    10:  duration =  0.5        number = 2
    11:  duration =  0.88       number = 2
    12:  duration =  0.0016     number = 2
    13:  duration =  0.093      number = 2
    14:  duration =  0.12       number = 2

SOLVER STAT
  solver_fwdinv =   0         0       
  ISLAND 0
    solver_niter = 1
    solver_nnz = 324
      0:  improvement =  1.6e-11     gradient =  1e-16       lineslope =  0       
          nactive = 30   nchange = 0   neval = 2   nupdate = 0

ENERGY =   0         0       

TIME =  6.5     

QPOS
  -0.31    
   6.5e-06 
   0.21    
   0.9     
   8.3e-05 
  -0.44    
   9.4e-05 
  -0.13    
  -0.069   
  -0.82    
   0.13    
  -0.069   
  -0.82    
  -0.16    
  -0.52    
  -0.82    
   0.16    
  -0.52    
  -0.82    

QVEL
   9.6e-06 
  -1.7e-07 
  -9e-06   
  -3.1e-06 
  -9.3e-06 
  -2.2e-07 
   0.0007  
  -1.2e-05 
   2e-08   
  -0.0005  
  -1.5e-05 
   1.3e-08 
   0.00018 
  -3.2e-07 
   5.3e-09 
  -0.00017 
  -1.8e-07 
   5.3e-09 

QACC_WARMSTART
  -2.7e-08 
   1.4e-08 
   2.2e-08 
   8.4e-07 
  -2.5e-07 
   1.2e-07 
  -0.00051 
   8.9e-06 
  -6.4e-07 
   0.00036 
   1.2e-05 
  -5.5e-07 
  -7.7e-07 
   1.3e-07 
   1.4e-07 
  -7.2e-07 
   7.7e-08 
   2.8e-09 

CTRL
  -0.58    
  -1       
   10      
   0.59    
  -1       
   10      
  -1.6     
   8.5     
   10      
   1.6     
   8.5     
   10      

QFRC_APPLIED
   0       
   0       
   0       
   0       
   0       
   0       
   0       
   0       
   0       
   0       
   0       
   0       
   0       
   0       
   0       
   0       
   0       
   0       

XFRC_APPLIED
   0         0         0         0         0         0       
   0         0         0         0         0         0       
   0         0         0         0         0         0       
   0         0         0         0         0         0       
   0         0         0         0         0         0       
   0         0         0         0         0         0       
   0         0         0         0         0         0       
   0         0         0         0         0         0       
   0         0         0         0         0         0       
   0         0         0         0         0         0       
   0         0         0         0         0         0       
   0         0         0         0         0         0       
   0         0         0         0         0         0       
   0         0         0         0         0         0       
   0         0         0         0         0         0       
   0         0         0         0         0         0       
   0         0         0         0         0         0       
   0         0         0         0         0         0       

QACC
  -2.7e-08 
   1.4e-08 
   2.2e-08 
   8.4e-07 
  -2.5e-07 
   1.2e-07 
  -0.00051 
   8.9e-06 
  -6.4e-07 
   0.00036 
   1.2e-05 
  -5.5e-07 
  -7.7e-07 
   1.3e-07 
   1.4e-07 
  -7.2e-07 
   7.7e-08 
   2.8e-09 

SENSOR
   0.13    
  -0.069   
  -0.82    
  -0.13    
  -0.069   
  -0.82    
   0.16    
  -0.52    
  -0.82    
  -0.16    
  -0.52    
  -0.82    
  -0.0005  
  -1.5e-05 
   1.3e-08 
   0.00071 
  -1.2e-05 
   2e-08   
  -0.00017 
  -1.8e-07 
   5.2e-09 
   0.00018 
  -3.2e-07 
   5.3e-09 
  -0.58    
  -1       
   10      
   0.59    
  -1       
   10      
  -1.6     
   8.5     
   10      
   1.6     
   8.5     
   10      
   0.9     
   8.3e-05 
  -0.44    
   9.4e-05 
  -3.1e-06 
  -9.3e-06 
  -2.2e-07 
   7.7     
   0.00065 
   6.1     
  -0.36    
  -5.7e-06 
   0.21    
   9.5e-06 
  -3.5e-08 
  -9.4e-06 

TREE_ASLEEP
  -11

XPOS
   0         0         0       
  -0.31      6.5e-06   0.21    
  -0.19      0.047     0.36    
  -0.19      0.14      0.35    
  -0.01      0.11      0.23    
   0.2       0.097     0.28    
  -0.19     -0.046     0.36    
  -0.19     -0.14      0.35    
  -0.01     -0.11      0.23    
   0.2      -0.096     0.28    
  -0.43      0.046     0.057   
  -0.42      0.14      0.047   
  -0.21      0.11      0.019   
  -0.048     0.1       0.15    
  -0.43     -0.047     0.057   
  -0.42     -0.14      0.047   
  -0.21     -0.11      0.019   
  -0.047    -0.1       0.15    

XQUAT
   1         0         0         0       
   0.9       8.3e-05  -0.44      9.4e-05 
   0.9      -0.058    -0.44     -0.028   
   0.88     -0.059    -0.47     -0.026   
   0.62     -0.065    -0.78     -0.00047 
   0.62     -0.065    -0.78     -0.00047 
   0.9       0.058    -0.44      0.028   
   0.88      0.059    -0.47      0.026   
   0.62      0.065    -0.78      0.00056 
   0.62      0.065    -0.78      0.00056 
   0.9      -0.072    -0.44     -0.035   
   0.75     -0.079    -0.65     -0.015   
   0.43     -0.078    -0.9       0.018   
   0.43     -0.078    -0.9       0.018   
   0.9       0.072    -0.44      0.035   
   0.75      0.079    -0.65      0.015   
   0.43      0.078    -0.9      -0.018   
   0.43      0.078    -0.9      -0.018   

XMAT
   1         0         0         0         1         0         0         0         1       
   0.62     -0.00024  -0.79      9.7e-05   1        -0.00023   0.79      6.6e-05   0.62    
   0.62      0.1      -0.78      9.7e-05   0.99      0.13      0.79     -0.08      0.61    
   0.56      0.1      -0.82      0.009     0.99      0.13      0.83     -0.08      0.56    
  -0.22      0.1      -0.97      0.1       0.99      0.081     0.97     -0.08     -0.23    
  -0.22      0.1      -0.97      0.1       0.99      0.081     0.97     -0.08     -0.23    
   0.62     -0.1      -0.78      9.7e-05   0.99     -0.13      0.79      0.08      0.61    
   0.56     -0.1      -0.82     -0.0088    0.99     -0.13      0.83      0.08      0.56    
  -0.22     -0.1      -0.97     -0.1       0.99     -0.081     0.97      0.08     -0.23    
  -0.22     -0.1      -0.97     -0.1       0.99     -0.081     0.97      0.08     -0.23    
   0.62      0.13     -0.78      9.7e-05   0.99      0.16      0.79     -0.099     0.61    
   0.15      0.13     -0.98      0.08      0.99      0.14      0.99     -0.099     0.13    
  -0.62      0.13     -0.78      0.16      0.99      0.036     0.77     -0.099    -0.63    
  -0.62      0.13     -0.78      0.16      0.99      0.036     0.77     -0.099    -0.63    
   0.62     -0.13     -0.78      9.7e-05   0.99     -0.16      0.79      0.099     0.61    
   0.15     -0.13     -0.98     -0.08      0.99     -0.14      0.99      0.099     0.13    
  -0.62     -0.13     -0.78     -0.16      0.99     -0.036     0.77      0.099    -0.63    
  -0.62     -0.13     -0.78     -0.16      0.99     -0.036     0.77      0.099    -0.63    

XIPOS
   0         0         0       
  -0.3       9.8e-06   0.22    
  -0.2       0.048     0.36    
  -0.16      0.11      0.33    
   0.13      0.1       0.27    
   0.4       0.079     0.33    
  -0.2      -0.048     0.36    
  -0.16     -0.11      0.33    
   0.13     -0.1       0.27    
   0.4      -0.079     0.33    
  -0.43      0.048     0.061   
  -0.39      0.11      0.041   
  -0.11      0.11      0.11    
   0.12      0.096     0.29    
  -0.43     -0.048     0.061   
  -0.39     -0.11      0.041   
  -0.11     -0.11      0.11    
   0.12     -0.096     0.29    

XIMAT
   1         0         0         0         1         0         0         0         1       
  -0.78      0.0017    0.63     -0.0035   -1        -0.0016    0.63     -0.0034    0.78    
   0.1      -0.77      0.63      0.99      0.13      0.0062   -0.089     0.62      0.78    
   0.21     -0.58     -0.79      0.92      0.38     -0.034     0.32     -0.72      0.61    
   0.091     0.22     -0.97      0.99     -0.09      0.072    -0.072    -0.97     -0.23    
  -0.22      0.1      -0.97      0.1       0.99      0.081     0.97     -0.08     -0.23    
  -0.1      -0.77      0.63      0.99     -0.13     -0.006     0.088     0.62      0.78    
  -0.21     -0.58     -0.79      0.92     -0.38      0.034    -0.32     -0.72      0.61    
  -0.091     0.22     -0.97      0.99      0.09     -0.072     0.072    -0.97     -0.23    
  -0.22     -0.1      -0.97     -0.1       0.99     -0.081     0.97      0.08     -0.23    
   0.13     -0.78      0.61      0.99      0.17     -0.0057   -0.096     0.6       0.79    
   0.047    -0.2      -0.98      0.95      0.31     -0.019     0.31     -0.93      0.21    
   0.11      0.62     -0.77      0.99     -0.15      0.027    -0.097    -0.77     -0.63    
  -0.62      0.13     -0.78      0.16      0.99      0.036     0.77     -0.099    -0.63    
  -0.13     -0.78      0.61      0.99     -0.17      0.0059    0.096     0.6       0.79    
  -0.048    -0.2      -0.98      0.95     -0.31      0.019    -0.31     -0.93      0.21    
  -0.11      0.62     -0.77      0.99      0.15     -0.027     0.097    -0.77     -0.63    
  -0.62     -0.13     -0.78     -0.16      0.99     -0.036     0.77      0.099    -0.63    

XANCHOR
  -0.31      6.5e-06   0.21    
  -0.19      0.047     0.36    
  -0.19      0.14      0.35    
  -0.01      0.11      0.23    
  -0.19     -0.046     0.36    
  -0.19     -0.14      0.35    
  -0.01     -0.11      0.23    
  -0.43      0.046     0.057   
  -0.42      0.14      0.047   
  -0.21      0.11      0.019   
  -0.43     -0.047     0.057   
  -0.42     -0.14      0.047   
  -0.21     -0.11      0.019   

XAXIS
   0         0         1       
   0.62      9.7e-05   0.79    
   0.1       0.99     -0.08    
   0.1       0.99     -0.08    
   0.62      9.7e-05   0.79    
  -0.1       0.99      0.08    
  -0.1       0.99      0.08    
   0.62      9.7e-05   0.79    
   0.13      0.99     -0.099   
   0.13      0.99     -0.099   
   0.62      9.7e-05   0.79    
  -0.13      0.99      0.099   
  -0.13      0.99      0.099   

GEOM_XPOS
   0         0         0       
   1.2       0         0.04    
   1.6       0         0.04    
   2.3       0         0.02    
   2.6       0         0.02    
   2.8       0         0.02    
   3         0         0.02    
   3.2       0         0.02    
   3.4       0         0.02    
  -0.085    -0.00021   0.4     
  -0.088    -0.00016   0.4     
  -0.14     -0.0002    0.49    
  -0.3       0.0079    0.27    
  -0.27     -0.00058   0.27    
  -0.31      6.5e-06   0.21    
  -0.15      3.2e-05   0.44    
  -0.086     4.9e-05   0.4     
  -0.21      0.043     0.35    
  -0.2       0.056     0.35    
  -0.19      0.13      0.35    
  -0.15      0.12      0.33    
  -0.2       0.12      0.36    
  -0.098     0.13      0.29    
   0.11      0.1       0.27    
   0.2       0.096     0.28    
   0.046     0.11      0.26    
   0.13      0.1       0.29    
   0.2       0.096     0.28    
   0.2       0.096     0.28    
  -0.21     -0.042     0.35    
  -0.2      -0.056     0.35    
  -0.19     -0.13      0.35    
  -0.15     -0.12      0.33    
  -0.2      -0.12      0.36    
  -0.098    -0.13      0.29    
   0.11     -0.1       0.27    
   0.2      -0.096     0.28    
   0.046    -0.11      0.26    
   0.13     -0.1       0.29    
   0.2      -0.095     0.28    
   0.2      -0.096     0.28    
  -0.42      0.043     0.071   
  -0.42      0.056     0.069   
  -0.42      0.13      0.049   
  -0.38      0.12      0.039   
  -0.44      0.12      0.046   
  -0.32      0.13      0.033   
  -0.12      0.11      0.1     
  -0.04      0.1       0.15    
  -0.17      0.11      0.064   
  -0.11      0.11      0.13    
  -0.04      0.1       0.15    
  -0.046     0.1       0.15    
  -0.42     -0.043     0.071   
  -0.42     -0.056     0.068   
  -0.42     -0.13      0.049   
  -0.38     -0.12      0.039   
  -0.44     -0.12      0.046   
  -0.32     -0.13      0.033   
  -0.12     -0.11      0.1     
  -0.04     -0.1       0.15    
  -0.17     -0.11      0.064   
  -0.11     -0.11      0.13    
  -0.04     -0.1       0.15    
  -0.046    -0.1       0.15    

GEOM_XMAT
   1         0         0         0         1         0         0         0         1       
   1         0         0         0         1         0         0         0         1       
   1         0         0         0         1         0         0         0         1       
   1         0         0         0         1         0         0         0         1       
   1         0         0         0         1         0         0         0         1       
   1         0         0         0         1         0         0         0         1       
   1         0         0         0         1         0         0         0         1       
   1         0         0         0         1         0         0         0         1       
   1         0         0         0         1         0         0         0         1       
  -0.92     -0.39      0.002    -0.0021   -3.4e-05  -1         0.39     -0.92     -0.00081 
  -0.92     -0.39      0.00081  -0.00087  -3.4e-05  -1         0.39     -0.92     -0.00031 
   0.58     -0.00024  -0.82      8.6e-05   1        -0.00024   0.82      6.6e-05   0.58    
  -0.8       0.0028    0.61      0.0076   -1         0.015     0.61      0.016     0.8     
  -0.82      0.0087    0.58     -0.013    -1        -0.0035    0.58     -0.01      0.82    
   0.62     -0.00024  -0.79      9.7e-05   1        -0.00023   0.79      6.6e-05   0.62    
   0.62     -0.00024  -0.79      9.7e-05   1        -0.00023   0.79      6.6e-05   0.62    
   0.62     -0.00024  -0.79      9.7e-05   1        -0.00023   0.79      6.6e-05   0.62    
   0.13     -0.78      0.61      0.99      0.13     -0.052    -0.039     0.61      0.79    
  -0.13     -0.78      0.61      0.92      0.13      0.36     -0.36      0.61      0.7     
   0.62     -0.78     -0.1       9.7e-05   0.13     -0.99      0.79      0.61      0.08    
   0.06     -0.61     -0.79      0.99      0.11     -0.0067    0.089    -0.79      0.61    
  -0.84      0.066     0.54     -0.53     -0.33     -0.78      0.13     -0.94      0.31    
   0.82      0.1       0.56     -0.13      0.99      0.009    -0.56     -0.08      0.83    
   0.1       0.25     -0.96      0.99     -0.12      0.074    -0.097    -0.96     -0.26    
  -0.94     -0.1       0.33      0.12     -0.99      0.042     0.33      0.08      0.94    
  -0.41      0.1      -0.9       0.11      0.99      0.058     0.9      -0.08     -0.42    
  -0.17      0.1      -0.98      0.096     0.99      0.086     0.98     -0.08     -0.18    
  -0.94     -0.1       0.33      0.12     -0.99      0.042     0.33      0.08      0.94    
  -0.22      0.1      -0.97      0.1       0.99      0.081     0.97     -0.08     -0.23    
   0.13      0.78      0.61     -0.99      0.13      0.052    -0.038    -0.61      0.79    
  -0.13      0.78      0.61     -0.92      0.13     -0.36     -0.36     -0.61      0.71    
   0.62     -0.78      0.1       9.7e-05  -0.13     -0.99      0.79      0.61     -0.08    
  -0.06     -0.61     -0.79      0.99     -0.11      0.0065   -0.089    -0.79      0.61    
  -0.84      0.066    -0.54      0.53      0.33     -0.78      0.13     -0.94     -0.31    
   0.82     -0.1       0.56      0.13      0.99     -0.0088   -0.56      0.08      0.83    
  -0.1       0.25     -0.96      0.99      0.12     -0.075     0.097    -0.96     -0.26    
  -0.94      0.1       0.33     -0.12     -0.99     -0.041     0.33     -0.08      0.94    
  -0.41     -0.1      -0.91     -0.11      0.99     -0.06      0.91      0.08     -0.41    
  -0.17     -0.1      -0.98     -0.096     0.99     -0.086     0.98      0.08     -0.18    
  -0.94      0.1       0.33     -0.12     -0.99     -0.041     0.33     -0.08      0.94    
  -0.22     -0.1      -0.97     -0.1       0.99     -0.081     0.97      0.08     -0.23    
   0.093     0.77     -0.63      0.99     -0.16     -0.051    -0.14     -0.61     -0.78    
   0.34      0.78     -0.53      0.92     -0.16      0.36      0.19     -0.61     -0.77    
   0.62     -0.78     -0.13      9.7e-05   0.16     -0.99      0.79      0.61      0.099   
   0.016    -0.21     -0.98      1         0.036     0.0083    0.034    -0.98      0.21    
  -0.81      0.47      0.35     -0.55     -0.39     -0.74     -0.21     -0.79      0.57    
   0.98      0.13      0.15     -0.14      0.99      0.08     -0.13     -0.099     0.99    
   0.14      0.65     -0.75      0.98     -0.17      0.027    -0.11     -0.74     -0.66    
  -0.99     -0.13     -0.11      0.11     -0.99      0.11     -0.12      0.099     0.99    
  -0.76      0.13     -0.64      0.16      0.99      0.0039    0.63     -0.099    -0.77    
  -0.58      0.13     -0.81      0.15      0.99      0.043     0.8      -0.099    -0.59    
  -0.99     -0.13     -0.11      0.11     -0.99      0.11     -0.12      0.099     0.99    
  -0.62      0.13     -0.78      0.16      0.99      0.036     0.77     -0.099    -0.63    
   0.094    -0.78     -0.62     -0.99     -0.16      0.052    -0.14      0.61     -0.78    
   0.34     -0.78     -0.53     -0.92     -0.16     -0.36      0.19      0.61     -0.77    
   0.62     -0.78      0.13      9.7e-05  -0.16     -0.99      0.79      0.61     -0.099   
  -0.016    -0.21     -0.98      1        -0.037    -0.0085   -0.034    -0.98      0.21    
  -0.81      0.47     -0.35      0.55      0.39     -0.74     -0.21     -0.79     -0.57    
   0.98     -0.13      0.15      0.14      0.99     -0.08     -0.13      0.099     0.99    
  -0.14      0.65     -0.75      0.98      0.17     -0.027     0.11     -0.74     -0.66    
  -0.99      0.13     -0.11     -0.11     -0.99     -0.11     -0.12     -0.099     0.99    
  -0.76     -0.13     -0.64     -0.16      0.99     -0.0041    0.63      0.099    -0.77    
  -0.58     -0.13     -0.81     -0.15      0.99     -0.044     0.8       0.099    -0.59    
  -0.99      0.13     -0.11     -0.11     -0.99     -0.11     -0.12     -0.099     0.99    
  -0.62     -0.13     -0.78     -0.16      0.99     -0.036     0.77      0.099    -0.63    

SITE_XPOS
  -0.36     -5.7e-06   0.21    

SITE_XMAT
   0.62     -0.00024  -0.79      9.7e-05   1        -0.00023   0.79      6.6e-05   0.62    

LIGHT_XPOS
   0         0         1.5     

LIGHT_XDIR
   0         0        -1       

SUBTREE_COM
  -0.27      1.1e-05   0.21    
  -0.27      1.1e-05   0.21    
  -0.14      0.092     0.33    
  -0.11      0.11      0.32    
   0.13      0.1       0.27    
   0.4       0.079     0.33    
  -0.14     -0.092     0.33    
  -0.11     -0.11      0.32    
   0.13     -0.1       0.27    
   0.4      -0.079     0.33    
  -0.37      0.092     0.056   
  -0.34      0.11      0.054   
  -0.11      0.11      0.11    
   0.12      0.096     0.29    
  -0.37     -0.092     0.056   
  -0.34     -0.11      0.054   
  -0.11     -0.11      0.11    
   0.12     -0.096     0.29    

CDOF
   0         0         0         1         0         0       
   0         0         0         0         1         0       
   0         0         0         0         0         1       
   0.62      9.7e-05   0.79     -3.9e-06   0.032    -8.9e-07 
  -0.00024   1         6.6e-05  -0.0014    2.3e-06  -0.039   
  -0.79     -0.00023   0.62     -2.6e-06   0.023     5.4e-06 
   0.62      9.7e-05   0.79      0.037     0.032    -0.029   
   0.1       0.99     -0.08     -0.16      0.022     0.074   
   0.1       0.99     -0.08     -0.036     0.024     0.25    
   0.62      9.7e-05   0.79     -0.037     0.032     0.029   
  -0.1       0.99      0.08     -0.16     -0.022     0.075   
  -0.1       0.99      0.08     -0.036    -0.024     0.25    
   0.62      9.7e-05   0.79      0.037     0.032    -0.029   
   0.13      0.99     -0.099     0.14     -0.035    -0.16    
   0.13      0.99     -0.099     0.18     -0.018     0.047   
   0.62      9.7e-05   0.79     -0.037     0.032     0.029   
  -0.13      0.99      0.099     0.14      0.035    -0.16    
  -0.13      0.99      0.099     0.18      0.018     0.047   

CINERT
   0         0         0         0         0         0         0         0         0         0       
   0.076     0.1       0.061     9.6e-05  -0.038     7e-05    -0.15     -1e-05     0.1       6.9     
   0.017     0.02      0.0061   -0.0025   -0.0078   -0.0049    0.052     0.033     0.1       0.68    
   0.036     0.039     0.034    -0.015    -0.014    -0.017     0.13      0.13      0.15      1.2     
   0.0037    0.041     0.043    -0.0098   -0.0066   -0.0016    0.097     0.025     0.016     0.24    
   0         0         0         0         0         0         0         0         0         0       
   0.017     0.02      0.0061    0.0025   -0.0078    0.0049    0.052    -0.033     0.1       0.68    
   0.036     0.039     0.034     0.015    -0.014     0.017     0.13     -0.13      0.15      1.2     
   0.0037    0.041     0.043     0.0098   -0.0066    0.0016    0.097    -0.025     0.016     0.24    
   0         0         0         0         0         0         0        -0         0         0       
   0.017     0.032     0.018     0.0051   -0.016     0.0048   -0.11      0.033    -0.099     0.68    
   0.048     0.054     0.037     0.015    -0.022     0.022    -0.14      0.13     -0.19      1.2     
   0.0055    0.01      0.01     -0.0043    0.0031    0.0025    0.04      0.026    -0.023     0.24    
   0         0         0         0         0         0         0         0         0         0       
   0.017     0.032     0.018    -0.0051   -0.016    -0.0048   -0.11     -0.033    -0.099     0.68    
   0.048     0.054     0.037    -0.015    -0.022    -0.022    -0.14     -0.13     -0.19      1.2     
   0.0055    0.01      0.01      0.0043    0.0031   -0.0025    0.041    -0.026    -0.023     0.24    
   0         0         0         0         0         0         0        -0         0         0       

ACTUATOR_LENGTH
   0.13    
  -0.069   
  -0.82    
  -0.13    
  -0.069   
  -0.82    
   0.16    
  -0.52    
  -0.82    
  -0.16    
  -0.52    
  -0.82    

actuator_moment
--------------------
          x         |
           x        |
            x       |
       x            |
        x           |
         x          |
                x   |
                 x  |
                  x |
             x      |
              x     |
               x    |
--------------------

ACTUATOR_MOMENT
     9:  1       
    10:  1       
    11:  1       
     6:  1       
     7:  1       
     8:  1       
    15:  1       
    16:  1       
    17:  1       
    12:  1       
    13:  1       
    14:  1       

CRB
   0         0         0         0         0         0         0         0         0         0       
   0.33      0.49      0.36      8.1e-05  -0.16      4.9e-05  -7.8e-16  -2.8e-17   3.3e-16   15      
   0.057     0.1       0.082    -0.027    -0.028    -0.023     0.28      0.19      0.26      2.1     
   0.04      0.08      0.076    -0.025    -0.021    -0.018     0.23      0.16      0.16      1.4     
   0.0037    0.041     0.043    -0.0098   -0.0066   -0.0016    0.097     0.025     0.016     0.24    
   0         0         0         0         0         0         0         0         0         0       
   0.057     0.1       0.082     0.027    -0.028     0.023     0.28     -0.19      0.26      2.1     
   0.04      0.08      0.076     0.025    -0.021     0.018     0.23     -0.16      0.16      1.4     
   0.0037    0.041     0.043     0.0098   -0.0066    0.0016    0.097    -0.025     0.016     0.24    
   0         0         0         0         0         0         0        -0         0         0       
   0.07      0.096     0.066     0.016    -0.034     0.029    -0.2       0.19     -0.31      2.1     
   0.053     0.064     0.047     0.011    -0.018     0.024    -0.096     0.16     -0.21      1.4     
   0.0055    0.01      0.01     -0.0043    0.0031    0.0025    0.04      0.026    -0.023     0.24    
   0         0         0         0         0         0         0         0         0         0       
   0.07      0.096     0.066    -0.016    -0.034    -0.029    -0.2      -0.19     -0.31      2.1     
   0.053     0.064     0.047    -0.011    -0.018    -0.024    -0.096    -0.16     -0.21      1.4     
   0.0055    0.01      0.01      0.0043    0.0031   -0.0025    0.041    -0.026    -0.023     0.24    
   0         0         0         0         0         0         0        -0         0         0       

QM
   15      
   0         15      
   0         0         15      
  -5.9e-05   0.49     -1.4e-05   0.2     
  -0.022     3.5e-05  -0.6       0.00013   0.52    
  -4e-05     0.35      8.2e-05   0.063    -4e-05     0.51    
  -0.074     0.12      0.058     0.042    -0.02      0.034     0.048   
  -0.045    -0.0038   -0.1      -0.0041    0.04      0.01     -0.0028    0.044   
   0.0089   -0.0035   -0.033    -0.0039    0.016     0.00075  -0.0026    0.011     0.016   
   0.074     0.12     -0.058     0.042     0.02      0.034                                   0.048   
  -0.045     0.0038   -0.1       0.0041    0.04     -0.01                                    0.0028    0.044   
   0.0089    0.0035   -0.033     0.0039    0.016    -0.00076                                 0.0026    0.011     0.016   
  -0.074     0.1       0.058     0.03      0.014    -0.0036                                                                0.036   
   0.0051   -0.012    -0.11     -0.01      0.02      0.0089                                                               -0.0071    0.044   
   0.022    -0.0054   -0.025    -0.0047    0.0046    0.00013                                                              -0.0032    0.011     0.016   
   0.073     0.1      -0.058     0.03     -0.014    -0.0036                                                                                              0.036   
   0.0051    0.012    -0.11      0.01      0.02     -0.0089                                                                                              0.0071    0.044   
   0.022     0.0054   -0.025     0.0047    0.0046   -0.00014                                                                                             0.0032    0.011     0.016   

M
     0:  15      
     0:  0          1:  15      
     0:  0          1:  0          2:  15      
     0: -5.9e-05    1:  0.49       2: -1.4e-05    3:  0.2     
     0: -0.022      1:  3.5e-05    2: -0.6        3:  0.00013    4:  0.52    
     0: -4e-05      1:  0.35       2:  8.2e-05    3:  0.063      4: -4e-05      5:  0.51    
     0: -0.074      1:  0.12       2:  0.058      3:  0.042      4: -0.02       5:  0.034      6:  0.048   
     0: -0.045      1: -0.0038     2: -0.1        3: -0.0041     4:  0.04       5:  0.01       6: -0.0028     7:  0.044   
     0:  0.0089     1: -0.0035     2: -0.033      3: -0.0039     4:  0.016      5:  0.00075    6: -0.0026     7:  0.011      8:  0.016   
     0:  0.074      1:  0.12       2: -0.058      3:  0.042      4:  0.02       5:  0.034      9:  0.048   
     0: -0.045      1:  0.0038     2: -0.1        3:  0.0041     4:  0.04       5: -0.01       9:  0.0028    10:  0.044   
     0:  0.0089     1:  0.0035     2: -0.033      3:  0.0039     4:  0.016      5: -0.00076    9:  0.0026    10:  0.011     11:  0.016   
     0: -0.074      1:  0.1        2:  0.058      3:  0.03       4:  0.014      5: -0.0036    12:  0.036   
     0:  0.0051     1: -0.012      2: -0.11       3: -0.01       4:  0.02       5:  0.0089    12: -0.0071    13:  0.044   
     0:  0.022      1: -0.0054     2: -0.025      3: -0.0047     4:  0.0046     5:  0.00013   12: -0.0032    13:  0.011     14:  0.016   
     0:  0.073      1:  0.1        2: -0.058      3:  0.03       4: -0.014      5: -0.0036    15:  0.036   
     0:  0.0051     1:  0.012      2: -0.11       3:  0.01       4:  0.02       5: -0.0089    15:  0.0071    16:  0.044   
     0:  0.022      1:  0.0054     2: -0.025      3:  0.0047     4:  0.0046     5: -0.00014   15:  0.0032    16:  0.011     17:  0.016   

QLD
     0:  14      
     0:  8.6e-06    1:  14      
     0:  0.014      1: -6.8e-06    2:  14      
     0: -0.00051    1:  1.2        2:  0.0013     3:  0.078   
     0:  0.15       1:  0.0001     2: -0.77       3:  0.00032    4:  0.39    
     0: -7.9e-05    1:  0.44       2:  8.5e-05    3:  0.026      4: -6.4e-05    5:  0.45    
     0: -1.6        1:  2.6        2:  1.1        3:  0.88       4: -0.34       5:  0.72       6:  0.047   
     0: -1.4        1: -0.038      2: -2.3        3: -0.042      4:  0.81       5:  0.27       6: -0.028      7:  0.036   
     0:  0.54       1: -0.22       2: -2          3: -0.24       4:  1          5:  0.046      6: -0.16       7:  0.68       8:  0.016   
     0:  1.6        1:  2.6        2: -1.1        3:  0.88       4:  0.34       5:  0.72       9:  0.047   
     0: -1.4        1:  0.038      2: -2.3        3:  0.042      4:  0.81       5: -0.27       9:  0.028     10:  0.036   
     0:  0.54       1:  0.22       2: -2          3:  0.24       4:  1          5: -0.046      9:  0.16      10:  0.68      11:  0.016   
     0: -2.1        1:  2.9        2:  1.2        3:  0.82       4:  0.49       5: -0.07      12:  0.034   
     0: -0.28       1: -0.23       2: -2.6        3: -0.2        4:  0.48       5:  0.24      12: -0.14      13:  0.036   
     0:  1.4        1: -0.33       2: -1.6        3: -0.29       4:  0.28       5:  0.0082    12: -0.2       13:  0.68      14:  0.016   
     0:  2.1        1:  2.9        2: -1.2        3:  0.82       4: -0.49       5: -0.069     15:  0.034   
     0: -0.28       1:  0.23       2: -2.6        3:  0.2        4:  0.48       5: -0.24      15:  0.14      16:  0.036   
     0:  1.4        1:  0.33       2: -1.6        3:  0.29       4:  0.28       5: -0.0083    15:  0.2       16:  0.68      17:  0.016   

QLDIAGINV
   0.069   
   0.073   
   0.073   
   13      
   2.6     
   2.2     
   21      
   28      
   61      
   21      
   28      
   61      
   29      
   28      
   61      
   29      
   28      
   61      

M: inertia structure
--------------------
 x                  |
 xx                 |
 xxx                |
 xxxx               |
 xxxxx              |
 xxxxxx             |
 xxxxxxx            |
 xxxxxxxx           |
 xxxxxxxxx          |
 xxxxxx   x         |
 xxxxxx   xx        |
 xxxxxx   xxx       |
 xxxxxx      x      |
 xxxxxx      xx     |
 xxxxxx      xxx    |
 xxxxxx         x   |
 xxxxxx         xx  |
 xxxxxx         xxx |
--------------------

iM: block-diagonal inertia (nnzs are island ids)
--------------------
 0                  |
 00                 |
 000                |
 0000               |
 00000              |
 000000             |
 0000000            |
 00000000           |
 000000000          |
 000000   0         |
 000000   00        |
 000000   000       |
 000000      0      |
 000000      00     |
 000000      000    |
 000000         0   |
 000000         00  |
 000000         000 |
--------------------

QH
     0:  14      
     0:  8.7e-06    1:  14      
     0:  0.014      1: -7e-06      2:  14      
     0: -0.0005     1:  1.3        2:  0.0013     3:  0.079   
     0:  0.14       1:  0.0001     2: -0.78       3:  0.00031    4:  0.39    
     0: -7.9e-05    1:  0.44       2:  8.6e-05    3:  0.027      4: -6.4e-05    5:  0.45    
     0: -1.5        1:  2.6        2:  1          3:  0.87       4: -0.34       5:  0.72       6:  0.048   
     0: -1.4        1: -0.04       2: -2.2        3: -0.043      4:  0.8        5:  0.26       6: -0.029      7:  0.037   
     0:  0.53       1: -0.21       2: -1.9        3: -0.23       4:  0.98       5:  0.045      6: -0.16       7:  0.66       8:  0.017   
     0:  1.5        1:  2.6        2: -1          3:  0.87       4:  0.34       5:  0.72       9:  0.048   
     0: -1.4        1:  0.039      2: -2.2        3:  0.043      4:  0.8        5: -0.27       9:  0.029     10:  0.037   
     0:  0.53       1:  0.21       2: -1.9        3:  0.23       4:  0.98       5: -0.045      9:  0.16      10:  0.66      11:  0.017   
     0: -2          1:  2.9        2:  1.2        3:  0.8        4:  0.48       5: -0.069     12:  0.035   
     0: -0.26       1: -0.23       2: -2.6        3: -0.2        4:  0.47       5:  0.24      12: -0.13      13:  0.037   
     0:  1.3        1: -0.32       2: -1.5        3: -0.28       4:  0.27       5:  0.008     12: -0.19      13:  0.66      14:  0.017   
     0:  2          1:  2.9        2: -1.2        3:  0.81       4: -0.48       5: -0.069     15:  0.035   
     0: -0.26       1:  0.23       2: -2.6        3:  0.2        4:  0.47       5: -0.24      15:  0.13      16:  0.037   
     0:  1.3        1:  0.32       2: -1.5        3:  0.28       4:  0.27       5: -0.0081    15:  0.19      16:  0.66      17:  0.017   

QHDIAGINV
   0.069   
   0.073   
   0.073   
   13      
   2.5     
   2.2     
   21      
   27      
   59      
   21      
   27      
   59      
   29      
   27      
   59      
   29      
   27      
   59      

TREE_AWAKE
  1

BODY_AWAKE
  -1 1 1 1 1 1 1 1 1 1 1 1 1 1 1 1 1 1

BODY_AWAKE_IND
  0 1 2 3 4 5 6 7 8 9 10 11 12 13 14 15 16 17

PARENT_AWAKE_IND
  1 2 3 4 5 6 7 8 9 10 11 12 13 14 15 16 17

DOF_AWAKE_IND
  0 1 2 3 4 5 6 7 8 9 10 11 12 13 14 15 16 17

CONTACT
  0:
     dim           3
     geoms         floor : 43
     exclude       0
     efc_address   18
     solref         0.02      1       
     solimp         0.9       0.95      0.001     0.5       2       
     dist           0.00086 
     includemargin  0.001   
     pos           -0.42      0.14      0.00043 
     frame          0         0         1         0         1         0        -1         0         0       
     friction       1         1         0.005     0.0001    0.0001  
     mu             0.1     
     force          22       -5.1      -0.78      0         0         0       
  1:
     dim           3
     geoms         floor : 46
     exclude       0
     efc_address   21
     solref         0.02      1       
     solimp         0.9       0.95      0.001     0.5       2       
     dist           0.00064 
     includemargin  0.001   
     pos           -0.21      0.12      0.00032 
     frame          0         0         1         0         1         0        -1         0         0       
     friction       1         1         0.005     0.0001    0.0001  
     mu             0.1     
     force          53       -22        0.86      0         0         0       
  2:
     dim           3
     geoms         floor : 55
     exclude       0
     efc_address   24
     solref         0.02      1       
     solimp         0.9       0.95      0.001     0.5       2       
     dist           0.00086 
     includemargin  0.001   
     pos           -0.42     -0.14      0.00043 
     frame          0         0         1         0         1         0        -1         0         0       
     friction       1         1         0.005     0.0001    0.0001  
     mu             0.1     
     force          22        5.2      -0.85      0         0         0       
  3:
     dim           3
     geoms         floor : 58
     exclude       0
     efc_address   27
     solref         0.02      1       
     solimp         0.9       0.95      0.001     0.5       2       
     dist           0.00064 
     includemargin  0.001   
     pos           -0.21     -0.12      0.00032 
     frame          0         0         1         0         1         0        -1         0         0       
     friction       1         1         0.005     0.0001    0.0001  
     mu             0.1     
     force          53        22        0.78      0         0         0       

EFC_TYPE
  1
  1
  1
  1
  1
  1
  1
  1
  1
  1
  1
  1
  3
  3
  3
  3
  3
  3
  7
  7
  7
  7
  7
  7
  7
  7
  7
  7
  7
  7

EFC_ID
  6
  7
  8
  9
  10
  11
  12
  13
  14
  15
  16
  17
  3
  6
  8
  9
  11
  12
  0
  0
  0
  1
  1
  1
  2
  2
  2
  3
  3
  3

EFC_J
   0         0         0         0         0         0         1         0         0         0         0         0         0         0         0         0         0         0       
   0         0         0         0         0         0         0         1         0         0         0         0         0         0         0         0         0         0       
   0         0         0         0         0         0         0         0         1         0         0         0         0         0         0         0         0         0       
   0         0         0         0         0         0         0         0         0         1         0         0         0         0         0         0         0         0       
   0         0         0         0         0         0         0         0         0         0         1         0         0         0         0         0         0         0       
   0         0         0         0         0         0         0         0         0         0         0         1         0         0         0         0         0         0       
   0         0         0         0         0         0         0         0         0         0         0         0         1         0         0         0         0         0       
   0         0         0         0         0         0         0         0         0         0         0         0         0         1         0         0         0         0       
   0         0         0         0         0         0         0         0         0         0         0         0         0         0         1         0         0         0       
   0         0         0         0         0         0         0         0         0         0         0         0         0         0         0         1         0         0       
   0         0         0         0         0         0         0         0         0         0         0         0         0         0         0         0         1         0       
   0         0         0         0         0         0         0         0         0         0         0         0         0         0         0         0         0         1       
   0         0         0         0         0         0         0         0        -1         0         0         0         0         0         0         0         0         0       
   0         0         0         0         0         0         0         0         0         0         0        -1         0         0         0         0         0         0       
   0         0         0         0         0         0         0         0         0         0         0         0         0         1         0         0         0         0       
   0         0         0         0         0         0         0         0         0         0         0         0         0         0        -1         0         0         0       
   0         0         0         0         0         0         0         0         0         0         0         0         0         0         0         0         1         0       
   0         0         0         0         0         0         0         0         0         0         0         0         0         0         0         0         0        -1       
   0         0         1         0.087     0.11     -0.11      0         0         0         0         0         0         0.058     0         0         0         0         0       
   0         1         0         0.044    -5.7e-05  -0.23      0         0         0         0         0         0         0.044     0         0         0         0         0       
  -1         0         0         0.11      0.21      0.087     0         0         0         0         0         0         0.074     0         0         0         0         0       
   0         0         1         0.075    -0.1      -0.096     0         0         0         0         0         0         0.047    -0.21      0         0         0         0       
   0         1         0         0.21     -4.4e-05  -0.1       0         0         0         0         0         0         0.21     -0.015     0         0         0         0       
  -1         0         0         0.096     0.21      0.075     0         0         0         0         0         0         0.059     0.048     0         0         0         0       
   0         0         1        -0.087     0.11      0.11      0         0         0         0         0         0         0         0         0        -0.058     0         0       
   0         1         0         0.044    -5.7e-05  -0.23      0         0         0         0         0         0         0         0         0         0.044     0         0       
  -1         0         0        -0.11      0.21     -0.087     0         0         0         0         0         0         0         0         0        -0.074     0         0       
   0         0         1        -0.075    -0.1       0.096     0         0         0         0         0         0         0         0         0        -0.047    -0.21      0       
   0         1         0         0.21     -4.4e-05  -0.1       0         0         0         0         0         0         0         0         0         0.21      0.015     0       
  -1         0         0        -0.096     0.21     -0.075     0         0         0         0         0         0         0         0         0        -0.059     0.048     0       

IEFC_J
   0         0         0         0         0         0         1         0         0         0         0         0         0         0         0         0         0         0       
   0         0         0         0         0         0         0         1         0         0         0         0         0         0         0         0         0         0       
   0         0         0         0         0         0         0         0         1         0         0         0         0         0         0         0         0         0       
   0         0         0         0         0         0         0         0         0         1         0         0         0         0         0         0         0         0       
   0         0         0         0         0         0         0         0         0         0         1         0         0         0         0         0         0         0       
   0         0         0         0         0         0         0         0         0         0         0         1         0         0         0         0         0         0       
   0         0         0         0         0         0         0         0         0         0         0         0         1         0         0         0         0         0       
   0         0         0         0         0         0         0         0         0         0         0         0         0         1         0         0         0         0       
   0         0         0         0         0         0         0         0         0         0         0         0         0         0         1         0         0         0       
   0         0         0         0         0         0         0         0         0         0         0         0         0         0         0         1         0         0       
   0         0         0         0         0         0         0         0         0         0         0         0         0         0         0         0         1         0       
   0         0         0         0         0         0         0         0         0         0         0         0         0         0         0         0         0         1       
   0         0         0         0         0         0         0         0        -1         0         0         0         0         0         0         0         0         0       
   0         0         0         0         0         0         0         0         0         0         0        -1         0         0         0         0         0         0       
   0         0         0         0         0         0         0         0         0         0         0         0         0         1         0         0         0         0       
   0         0         0         0         0         0         0         0         0         0         0         0         0         0        -1         0         0         0       
   0         0         0         0         0         0         0         0         0         0         0         0         0         0         0         0         1         0       
   0         0         0         0         0         0         0         0         0         0         0         0         0         0         0         0         0        -1       
   0         0         1         0.087     0.11     -0.11      0         0         0         0         0         0         0.058     0         0         0         0         0       
   0         1         0         0.044    -5.7e-05  -0.23      0         0         0         0         0         0         0.044     0         0         0         0         0       
  -1         0         0         0.11      0.21      0.087     0         0         0         0         0         0         0.074     0         0         0         0         0       
   0         0         1         0.075    -0.1      -0.096     0         0         0         0         0         0         0.047    -0.21      0         0         0         0       
   0         1         0         0.21     -4.4e-05  -0.1       0         0         0         0         0         0         0.21     -0.015     0         0         0         0       
  -1         0         0         0.096     0.21      0.075     0         0         0         0         0         0         0.059     0.048     0         0         0         0       
   0         0         1        -0.087     0.11      0.11      0         0         0         0         0         0         0         0         0        -0.058     0         0       
   0         1         0         0.044    -5.7e-05  -0.23      0         0         0         0         0         0         0         0         0         0.044     0         0       
  -1         0         0        -0.11      0.21     -0.087     0         0         0         0         0         0         0         0         0        -0.074     0         0       
   0         0         1        -0.075    -0.1       0.096     0         0         0         0         0         0         0         0         0        -0.047    -0.21      0       
   0         1         0         0.21     -4.4e-05  -0.1       0         0         0         0         0         0         0         0         0         0.21      0.015     0       
  -1         0         0        -0.096     0.21     -0.075     0         0         0         0         0         0         0         0         0        -0.059     0.048     0       

EFC_POS
   0       
   0       
   0       
   0       
   0       
   0       
   0       
   0       
   0       
   0       
   0       
   0       
  -0.017   
  -0.017   
  -0.00069 
  -0.016   
  -0.00069 
  -0.016   
   0.00086 
   0       
   0       
   0.00064 
   0       
   0       
   0.00086 
   0       
   0       
   0.00064 
   0       
   0       

EFC_MARGIN
   0       
   0       
   0       
   0       
   0       
   0       
   0       
   0       
   0       
   0       
   0       
   0       
   0       
   0       
   0       
   0       
   0       
   0       
   0.001   
   0       
   0       
   0.001   
   0       
   0       
   0.001   
   0       
   0       
   0.001   
   0       
   0       

EFC_FRICTIONLOSS
   0.2     
   0.2     
   0.2     
   0.2     
   0.2     
   0.2     
   0.2     
   0.2     
   0.2     
   0.2     
   0.2     
   0.2     
   0       
   0       
   0       
   0       
   0       
   0       
   0       
   0       
   0       
   0       
   0       
   0       
   0       
   0       
   0       
   0       
   0       
   0       

EFC_DIAGAPPROX
   29      
   29      
   80      
   29      
   29      
   80      
   29      
   29      
   80      
   29      
   29      
   80      
   80      
   80      
   29      
   80      
   29      
   80      
   0.14    
   0.0014  
   0.0014  
   0.18    
   0.0018  
   0.0018  
   0.14    
   0.0014  
   0.0014  
   0.18    
   0.0018  
   0.0018  

EFC_KBIP
   0         1.1e+02   0.9       0       
   0         1.1e+02   0.9       0       
   0         1.1e+02   0.9       0       
   0         1.1e+02   0.9       0       
   0         1.1e+02   0.9       0       
   0         1.1e+02   0.9       0       
   0         1.1e+02   0.9       0       
   0         1.1e+02   0.9       0       
   0         1.1e+02   0.9       0       
   0         1.1e+02   0.9       0       
   0         1.1e+02   0.9       0       
   0         1.1e+02   0.9       0       
   2.8e+03   1.1e+02   0.95      0       
   2.8e+03   1.1e+02   0.95      0       
   2.8e+03   1.1e+02   0.94     -63      
   2.8e+03   1.1e+02   0.95      0       
   2.8e+03   1.1e+02   0.94     -62      
   2.8e+03   1.1e+02   0.95      0       
   2.8e+03   1.1e+02   0.9      -27      
   0         1.1e+02   0.9      -27      
   0         1.1e+02   0.9      -27      
   2.8e+03   1.1e+02   0.91     -71      
   0         1.1e+02   0.91     -71      
   0         1.1e+02   0.91     -71      
   2.8e+03   1.1e+02   0.9      -27      
   0         1.1e+02   0.9      -27      
   0         1.1e+02   0.9      -27      
   2.8e+03   1.1e+02   0.91     -71      
   0         1.1e+02   0.91     -71      
   0         1.1e+02   0.91     -71      

EFC_D
   0.31    
   0.32    
   0.11    
   0.31    
   0.32    
   0.11    
   0.31    
   0.31    
   0.11    
   0.31    
   0.31    
   0.11    
   0.24    
   0.24    
   0.55    
   0.24    
   0.55    
   0.24    
   65      
   6.5e+03 
   6.5e+03 
   58      
   5.8e+03 
   5.8e+03 
   65      
   6.5e+03 
   6.5e+03 
   58      
   5.8e+03 
   5.8e+03 

EFC_R
   3.2     
   3.2     
   8.9     
   3.2     
   3.2     
   8.9     
   3.2     
   3.2     
   8.9     
   3.2     
   3.2     
   8.9     
   4.2     
   4.2     
   1.8     
   4.2     
   1.8     
   4.2     
   0.015   
   0.00015 
   0.00015 
   0.017   
   0.00017 
   0.00017 
   0.016   
   0.00016 
   0.00016 
   0.017   
   0.00017 
   0.00017 

ACTUATOR_VELOCITY
  -0.0005  
  -1.5e-05 
   1.3e-08 
   0.00071 
  -1.2e-05 
   2e-08   
  -0.00017 
  -1.8e-07 
   5.2e-09 
   0.00018 
  -3.2e-07 
   5.3e-09 

CVEL
   0         0         0         0         0         0       
  -1.7e-06  -9.3e-06  -2.6e-06   9.6e-06  -2.8e-07  -8.6e-06 
   0.00043  -9.2e-06   0.00055   3.5e-05   2.2e-05  -2.9e-05 
   0.00043  -2.1e-05   0.00055   3.7e-05   2.2e-05  -3e-05   
   0.00043  -2.1e-05   0.00055   3.7e-05   2.2e-05  -3e-05   
   0.00043  -2.1e-05   0.00055   3.7e-05   2.2e-05  -3e-05   
  -0.00031  -9.3e-06  -0.00039   2.8e-05  -1.6e-05  -2.3e-05 
  -0.00031  -2.5e-05  -0.0004    3e-05    -1.6e-05  -2.4e-05 
  -0.00031  -2.5e-05  -0.0004    3e-05    -1.6e-05  -2.4e-05 
  -0.00031  -2.5e-05  -0.0004    3e-05    -1.6e-05  -2.4e-05 
   0.00011  -9.2e-06   0.00014   1.6e-05   5.3e-06  -1.4e-05 
   0.00011  -9.5e-06   0.00014   1.6e-05   5.3e-06  -1.4e-05 
   0.00011  -9.5e-06   0.00014   1.6e-05   5.3e-06  -1.4e-05 
   0.00011  -9.5e-06   0.00014   1.6e-05   5.3e-06  -1.4e-05 
  -0.0001   -9.3e-06  -0.00013   1.6e-05  -5.6e-06  -1.3e-05 
  -0.0001   -9.4e-06  -0.00013   1.6e-05  -5.6e-06  -1.3e-05 
  -0.0001   -9.4e-06  -0.00013   1.6e-05  -5.6e-06  -1.3e-05 
  -0.0001   -9.4e-06  -0.00013   1.6e-05  -5.6e-06  -1.3e-05 

CDOF_DOT
   0         0         0         0         0         0       
   0         0         0         0         0         0       
   0         0         0         0         0         0       
   0         0         0        -1.4e-07  -1.3e-05   1.1e-07 
   0        -0         0         9e-06     1.5e-09   9.6e-06 
   0        -0         0        -1.1e-07   1.1e-06  -1.4e-07 
  -7.3e-06  -2.3e-07   5.7e-06   1.3e-07  -1.3e-05   4.5e-07 
  -0.00055   9.1e-05   0.00043   1.4e-05  -0.00012   4.1e-05 
  -0.00055   9.1e-05   0.00043   9.3e-06  -0.00013   4.4e-05 
  -7.3e-06  -2.3e-07   5.7e-06  -4e-07    -1.3e-05  -2.2e-07 
   0.00039   6.5e-05  -0.00031   1.2e-05   8.5e-05   3.1e-05 
   0.00039   6.5e-05  -0.00031   7e-06     9.2e-05   3.5e-05 
  -7.3e-06  -2.3e-07   5.7e-06   1.3e-07  -1.3e-05   4.5e-07 
  -0.00013   2.8e-05   0.00011   1.9e-05   3.7e-05   1.3e-05 
  -0.00013   2.8e-05   0.00011   1.5e-05   1.9e-05   1.5e-05 
  -7.3e-06  -2.3e-07   5.7e-06  -4e-07    -1.3e-05  -2.2e-07 
   0.00013   2.7e-05  -0.0001    1.9e-05  -3.6e-05   1.2e-05 
   0.00013   2.7e-05  -0.0001    1.5e-05  -1.8e-05   1.5e-05 

QFRC_BIAS
  -7.8e-08 
  -2.3e-08 
   1.5e+02 
  -0.00013 
  -5.9     
   0.0008  
   0.57    
  -1       
  -0.32    
  -0.57    
  -1       
  -0.32    
   0.57    
  -1.1     
  -0.25    
  -0.57    
  -1.1     
  -0.25    

QFRC_SPRING
   0       
   0       
   0       
   0       
   0       
   0       
   0       
   0       
   0       
   0       
   0       
   0       
   0       
   0       
   0       
   0       
   0       
   0       

QFRC_DAMPER
   0       
   0       
   0       
   0       
   0       
   0       
  -7.1e-05 
   1.2e-06 
  -2e-09   
   5e-05   
   1.5e-06 
  -1.3e-09 
  -1.8e-05 
   3.2e-08 
  -5.3e-10 
   1.7e-05 
   1.8e-08 
  -5.2e-10 

QFRC_GRAVCOMP
   0       
   0       
   0       
   0       
   0       
   0       
   0       
   0       
   0       
   0       
   0       
   0       
   0       
   0       
   0       
   0       
   0       
   0       

QFRC_FLUID
   0       
   0       
   0       
   0       
   0       
   0       
   0       
   0       
   0       
   0       
   0       
   0       
   0       
   0       
   0       
   0       
   0       
   0       

QFRC_PASSIVE
   0       
   0       
   0       
   0       
   0       
   0       
  -7.1e-05 
   1.2e-06 
  -2e-09   
   5e-05   
   1.5e-06 
  -1.3e-09 
  -1.8e-05 
   3.2e-08 
  -5.3e-10 
   1.7e-05 
   1.8e-08 
  -5.2e-10 

EFC_VEL
   0.00071 
  -1.2e-05 
   2e-08   
  -0.0005  
  -1.5e-05 
   1.3e-08 
   0.00018 
  -3.2e-07 
   5.3e-09 
  -0.00017 
  -1.8e-07 
   5.2e-09 
  -2e-08   
  -1.3e-08 
  -3.2e-07 
  -5.3e-09 
  -1.8e-07 
  -5.2e-09 
   1.6e-09 
   7.5e-06 
   1.2e-06 
  -5.9e-09 
   3.6e-05 
  -1.4e-06 
   3.7e-09 
  -7.6e-06 
   1.3e-06 
   1.1e-09 
  -3.6e-05 
  -1.3e-06 

EFC_AREF
  -0.074   
   0.0012  
  -2.2e-06 
   0.052   
   0.0016  
  -1.4e-06 
  -0.018   
   3.3e-05 
  -5.5e-07 
   0.018   
   1.9e-05 
  -5.5e-07 
   45      
   45      
   1.8     
   43      
   1.8     
   43      
   0.34    
  -0.00079 
  -0.00012 
   0.9     
  -0.0038  
   0.00015 
   0.34    
   0.0008  
  -0.00013 
   0.9     
   0.0037  
   0.00013 

SUBTREE_LINVEL
   0         0         0       
   0         0         0       
   0         0         0       
   0         0         0       
   0         0         0       
   0         0         0       
   0         0         0       
   0         0         0       
   0         0         0       
   0         0         0       
   0         0         0       
   0         0         0       
   0         0         0       
   0         0         0       
   0         0         0       
   0         0         0       
   0         0         0       
   0         0         0       

SUBTREE_ANGMOM
   0         0         0       
   0         0         0       
   0         0         0       
   0         0         0       
   0         0         0       
   0         0         0       
   0         0         0       
   0         0         0       
   0         0         0       
   0         0         0       
   0         0         0       
   0         0         0       
   0         0         0       
   0         0         0       
   0         0         0       
   0         0         0       
   0         0         0       
   0         0         0       

ACTUATOR_FORCE
  -0.58    
  -1       
   10      
   0.59    
  -1       
   10      
  -1.6     
   8.5     
   10      
   1.6     
   8.5     
   10      

QFRC_ACTUATOR
   0       
   0       
   0       
   0       
   0       
   0       
   0.59    
  -1       
   10      
  -0.58    
  -1       
   10      
   1.6     
   8.5     
   10      
  -1.6     
   8.5     
   10      

QFRC_SMOOTH
   7.8e-08 
   2.3e-08 
  -1.5e+02 
   0.00013 
   5.9     
  -0.0008  
   0.023   
  -0.00038 
   11      
  -0.016   
  -0.0005  
   11      
   1.1     
   9.6     
   10      
  -1.1     
   9.6     
   10      

QACC_SMOOTH
  -2.5     
  -0.0021  
  -8.4     
  -0.07    
  -43      
  -0.0038  
   23      
  -1.9e+02 
   8.2e+02 
  -23      
  -1.9e+02 
   8.2e+02 
   1.3e+02 
   88      
   6e+02   
  -1.3e+02 
   88      
   6e+02   

EFC_B
   23      
  -1.9e+02 
   8.2e+02 
  -23      
  -1.9e+02 
   8.2e+02 
   1.3e+02 
   88      
   6e+02   
  -1.3e+02 
   88      
   6e+02   
  -8.6e+02 
  -8.6e+02 
   86      
  -6.4e+02 
   86      
  -6.4e+02 
  -6.1     
   5.6     
   2.8     
  -17      
   25      
   5.1     
  -6.1     
  -5.6     
   2.8     
  -17      
  -25      
   5.1     

EFC_FORCE
  -0.023   
   0.00038 
  -1.7e-07 
   0.016   
   0.00051 
  -9.3e-08 
  -0.0058  
   1e-05   
  -7.8e-08 
   0.0055  
   5.8e-06 
  -6.2e-08 
   11      
   11      
   0.98    
   10      
   0.99    
   10      
   22      
  -5.1     
  -0.78    
   53      
  -22      
   0.86    
   22      
   5.2     
  -0.85    
   53      
   22      
   0.78    

EFC_STATE
  3
  2
  3
  2
  2
  3
  3
  3
  3
  2
  3
  3
  1
  1
  0
  1
  0
  1
  4
  4
  4
  4
  4
  4
  4
  4
  4
  4
  4
  4

QFRC_CONSTRAINT
   6.3e-05 
  -1.8e-05 
   1.5e+02 
  -0.00014 
  -5.9     
   0.0008  
  -0.023   
   0.00038 
  -11      
   0.016   
   0.00051 
  -11      
  -1.1     
  -9.6     
  -10      
   1.1     
  -9.6     
  -10      

QFRC_INVERSE
   0       
   0       
   0       
   0       
   0       
   0       
   0       
   0       
   0       
   0       
   0       
   0       
   0       
   0       
   0       
   0       
   0       
   0       

CACC
   0         0         0        -0        -0         9.8     
   4.3e-07  -2.5e-07   7.3e-07  -2.6e-08   4.4e-08   9.8     
  -0.00032  -3e-07    -0.0004   -1.9e-05  -1.6e-05   9.8     
  -0.00031   8.6e-06  -0.0004   -2e-05    -1.6e-05   9.8     
  -0.00031   7.9e-06  -0.0004   -2e-05    -1.6e-05   9.8     
  -0.00031   7.9e-06  -0.0004   -2e-05    -1.6e-05   9.8     
   0.00022  -2.2e-07   0.00028  -1.3e-05   1.2e-05   9.8     
   0.00022   1.1e-05   0.00028  -1.5e-05   1.1e-05   9.8     
   0.00022   1.1e-05   0.00028  -1.5e-05   1.1e-05   9.8     
   0.00022   1.1e-05   0.00028  -1.5e-05   1.1e-05   9.8     
  -5.3e-08  -2.5e-07   1.2e-07  -5.5e-08   1.7e-08   9.8     
  -3.6e-08  -1.2e-07   1.1e-07  -3.6e-08   1.2e-08   9.8     
  -1.8e-08   1.9e-08   9.7e-08  -1.1e-08   9.8e-09   9.8     
  -1.8e-08   1.9e-08   9.7e-08  -1.1e-08   9.8e-09   9.8     
  -1.4e-08  -2.5e-07   1.7e-07  -1.3e-10   2.3e-08   9.8     
  -2.4e-08  -1.8e-07   1.8e-07   1.1e-08   2.6e-08   9.8     
  -2.4e-08  -1.7e-07   1.8e-07   1.2e-08   2.6e-08   9.8     
  -2.4e-08  -1.7e-07   1.8e-07   1.2e-08   2.6e-08   9.8     

CFRC_INT
  -1.3e-15   0         7e-16    -3.6e-16   7.6e-15   7.1e-15 
  -1.3e-15   0         7e-16    -3.6e-16   7.6e-15   7.1e-15 
   1.9      -2.7      -2.5e-05   3.7e-05  -6.3e-05   20      
   1.5      -2.2      -2.5e-05   3.6e-05  -6.3e-05   14      
   0.24     -0.95     -1.6e-05   5.2e-06  -3.8e-05   2.4     
   0         0         0         0         0         0       
  -1.9      -2.7       1.8e-05   2.6e-05   4.4e-05   20      
  -1.5      -2.2       1.8e-05   2.6e-05   4.4e-05   14      
  -0.24     -0.95      1.1e-05   3.6e-06   2.7e-05   2.4     
   0         0         0         0         0         0       
  -2.1       2         0.6       0.074     27       -54      
  -0.35      4         1.2       0.86      22       -39      
   0.25     -0.4       1.8e-09  -6.8e-09   6e-09     2.4     
   0         0         0         0         0         0       
   2.1       2        -0.6      -0.074    -27       -54      
   0.37      4        -1.2       0.78     -22       -39      
  -0.25     -0.4       3.4e-09   1e-08     1.3e-08   2.4     
   0         0         0         0         0         0       

CFRC_EXT
   0         0         0         0         0         0       
   0         0         0         0         0         0       
   0         0         0         0         0         0       
   0         0         0         0         0         0       
   0         0         0         0         0         0       
   0         0         0         0         0         0       
   0         0         0         0         0         0       
   0         0         0         0         0         0       
   0         0         0         0         0         0       
   0         0         0         0         0         0       
   2         3.1       0.64      0.78     -5.1       22      
   1.9      -3        -1.2      -0.86     -22        53      
   0         0         0         0         0         0       
   0         0         0         0         0         0       
  -2         3        -0.64      0.85      5.2       22      
  -1.9      -3.1       1.2      -0.78      22        53      
   0         0         0         0         0         0       
   0         0         0         0         0         0       

TREE_ISLAND
  0

ISLAND_NTREE
  1

ISLAND_ITREEADR
  0

MAP_ITREE2TREE
  0

DOF_ISLAND            0 0 0 0 0 0 0 0 0 0 0 0 0 0 0 0 0 0

ISLAND_NV             18

ISLAND_IDOFADR        0

MAP_IDOF2DOF          0 1 2 3 4 5 6 7 8 9 10 11 12 13 14 15 16 17

EFC_ISLAND            0 0 0 0 0 0 0 0 0 0 0 0 0 0 0 0 0 0 0 0 0 0 0 0 0 0 0 0 0 0

ISLAND_NEFC           30

ISLAND_IEFCADR        0

MAP_IEFC2EFC          0 1 2 3 4 5 6 7 8 9 10 11 12 13 14 15 16 17 18 19 20 21 22 23 24 25 26 27 28 29

